2 0.655511 0.335718 0.015814 0.030683
1 0.581687 0.250126 0.002442 0.007942
1 0.649246 0.321318 0.005625 0.005574
1 0.627499 0.596625 0.010107 0.016107
1 0.686005 0.631372 0.015546 0.014156
1 0.307658 0.336831 0.017662 0.015841
2 0.307648 0.345450 0.017878 0.033282
1 0.604908 0.338701 0.010633 0.013878
1 0.612404 0.348860 0.013586 0.009956
1 0.594324 0.568076 0.007481 0.004931
1 0.375258 0.339845 0.005916 0.007942
1 0.596930 0.283551 0.004331 0.006034
1 0.827862 0.880749 0.004413 0.006433
1 0.655477 0.447467 0.011305 0.023896
2 0.694376 0.635325 0.080803 0.047354
1 0.622371 0.360314 0.016349 0.015731
1 0.540332 0.182844 0.010855 0.009247
2 0.637288 0.360956 0.014301 0.017306
1 0.813246 0.880601 0.006864 0.030172
2 0.645392 0.374622 0.024841 0.014083
1 0.589435 0.577725 0.004309 0.006341
1 0.823461 0.684839 0.011308 0.027398
1 0.588451 0.276937 0.004770 0.004861
1 0.588103 0.553918 0.003257 0.006455
1 0.798867 0.894183 0.006105 0.034587
1 0.814612 0.742820 0.013764 0.038710
2 0.585832 0.252515 0.008424 0.051557
1 0.372766 0.351338 0.019605 0.019890
1 0.680894 0.430808 0.006886 0.008056
1 0.613975 0.372240 0.004633 0.005592
1 0.535480 0.140749 0.018717 0.013377
2 0.536018 0.168721 0.049202 0.037500
2 0.653040 0.480685 0.016414 0.090406
1 0.346250 0.369960 0.009172 0.008787
1 0.665510 0.469985 0.003849 0.008735
1 0.623692 0.568946 0.005159 0.005069
2 0.493676 0.154476 0.010033 0.056100
1 0.496409 0.129878 0.004825 0.012211
1 0.575898 0.543397 0.004427 0.005362
1 0.699182 0.626276 0.046752 0.023867
2 0.607512 0.369664 0.015047 0.010307
1 0.692133 0.437595 0.006464 0.011389
1 0.829698 0.885263 0.004523 0.006981
2 0.691316 0.436151 0.008141 0.018253
2 0.348951 0.358509 0.054756 0.031235
2 0.685498 0.600654 0.074093 0.074985
1 0.562651 0.129960 0.004112 0.005746
2 0.370459 0.345450 0.062958 0.025409
1 0.558358 0.127767 0.006184 0.008289
1 0.592429 0.608211 0.008218 0.006378
