1 0.305445 0.341126 0.020896 0.014751
2 0.691297 0.432326 0.007862 0.020881
1 0.596231 0.292233 0.006442 0.005446
1 0.497654 0.151968 0.004386 0.004499
2 0.644714 0.373593 0.023566 0.012515
1 0.689052 0.489554 0.002961 0.008004
1 0.342621 0.373967 0.007867 0.012102
1 0.822852 0.683571 0.012174 0.028107
1 0.678276 0.426133 0.001891 0.004898
1 0.589379 0.578288 0.004126 0.006012
2 0.693420 0.469121 0.005310 0.040113
2 0.655655 0.335261 0.013668 0.033096
2 0.692789 0.633765 0.082410 0.045577
1 0.373028 0.353289 0.004937 0.008041
1 0.564180 0.129322 0.004013 0.006319
1 0.369704 0.364538 0.012034 0.012175
1 0.582171 0.251003 0.003761 0.006912
2 0.686234 0.493026 0.007138 0.011228
1 0.692860 0.488074 0.004663 0.006871
1 0.627434 0.596334 0.010000 0.016404
1 0.596247 0.280365 0.003975 0.003765
1 0.362357 0.357266 0.003536 0.014437
2 0.306176 0.350009 0.022516 0.032672
1 0.621859 0.568874 0.004002 0.004423
1 0.812963 0.879892 0.007018 0.029909
1 0.560578 0.132831 0.003783 0.007723
2 0.344942 0.365115 0.038591 0.030033
1 0.815201 0.742526 0.013736 0.038026
1 0.599184 0.349722 0.010567 0.011506
1 0.690350 0.638540 0.045014 0.035164
1 0.582830 0.552321 0.005567 0.005227
1 0.587272 0.575689 0.004441 0.005340
2 0.604272 0.372939 0.014383 0.009671
1 0.656064 0.445821 0.012747 0.025852
1 0.576379 0.542833 0.004825 0.006031
1 0.829531 0.885252 0.004907 0.007602
1 0.698639 0.634002 0.028029 0.013838
1 0.650313 0.319454 0.005318 0.005779
1 0.378858 0.360830 0.005513 0.008480
1 0.598602 0.602262 0.012993 0.009949
1 0.798618 0.893615 0.006360 0.034481
1 0.827749 0.879843 0.004633 0.007310
1 0.610077 0.375479 0.005510 0.006133
2 0.653583 0.478604 0.017752 0.091418
1 0.691878 0.432142 0.006743 0.017325
1 0.594463 0.567964 0.007072 0.005373
1 0.533586 0.159554 0.021349 0.017149
2 0.637497 0.361866 0.014298 0.017306
2 0.369158 0.356807 0.054589 0.027767
1 0.620101 0.360378 0.015707 0.013666
1 0.609714 0.352602 0.012201 0.010658
2 0.670492 0.603511 0.046461 0.079624
2 0.495356 0.170058 0.008355 0.038904
