1 0.587862 0.277990 0.003827 0.006579
2 0.666229 0.604061 0.038407 0.077792
2 0.636375 0.361288 0.014301 0.017306
1 0.689819 0.491758 0.004304 0.008787
2 0.305332 0.352012 0.022664 0.031941
2 0.536473 0.168750 0.047157 0.036820
2 0.645354 0.375384 0.024907 0.014320
2 0.358947 0.367820 0.034753 0.013856
2 0.693044 0.635230 0.080836 0.044006
1 0.369926 0.367946 0.014666 0.013670
1 0.798588 0.894609 0.006113 0.034759
1 0.692914 0.490493 0.004973 0.009737
1 0.649452 0.321966 0.005208 0.004898
1 0.539848 0.181700 0.011313 0.010490
1 0.603742 0.335815 0.010883 0.015344
1 0.827681 0.881542 0.004550 0.005336
1 0.379601 0.366849 0.004032 0.006067
1 0.576687 0.543935 0.005589 0.006948
1 0.686928 0.641014 0.043194 0.035881
1 0.596132 0.284382 0.003618 0.004678
1 0.302659 0.344825 0.017226 0.017412
2 0.654816 0.480627 0.020137 0.091151
2 0.344963 0.369355 0.038413 0.027621
1 0.597959 0.603498 0.013374 0.009137
1 0.558840 0.130742 0.004167 0.006835
1 0.588819 0.578951 0.003947 0.007091
1 0.594287 0.569413 0.006513 0.004697
1 0.587327 0.576612 0.004413 0.006001
1 0.373151 0.356842 0.007541 0.008626
2 0.684446 0.497350 0.011327 0.015585
1 0.815100 0.742829 0.013363 0.037522
1 0.829534 0.886422 0.004852 0.006615
1 0.823187 0.684843 0.011845 0.028370
1 0.699317 0.635124 0.029529 0.009583
2 0.691698 0.433854 0.008413 0.021751
1 0.621405 0.570574 0.004169 0.005117
1 0.626902 0.598525 0.010280 0.016239
2 0.693420 0.470788 0.005524 0.040004
1 0.812958 0.880897 0.006743 0.030457
2 0.609084 0.368326 0.011924 0.008662
1 0.612308 0.346484 0.013158 0.010490
1 0.563247 0.130340 0.004701 0.006469
1 0.657504 0.448083 0.014685 0.025990
1 0.496976 0.128300 0.004962 0.013048
2 0.585528 0.253037 0.008638 0.050885
1 0.634411 0.369709 0.005345 0.005501
2 0.494095 0.154868 0.010691 0.057785
1 0.680783 0.430397 0.007541 0.011268
1 0.361702 0.361093 0.004852 0.010855
1 0.534984 0.143034 0.019353 0.013275
1 0.341774 0.377339 0.008690 0.011696
1 0.583118 0.553332 0.003555 0.005106
1 0.692382 0.435154 0.007067 0.017763
1 0.620318 0.360316 0.014830 0.016173
1 0.613783 0.370197 0.005066 0.005570
