2 0.702133 0.631195 0.094720 0.068246
1 0.343218 0.374622 0.008191 0.011714
1 0.655340 0.445232 0.013618 0.024894
1 0.688322 0.491446 0.002823 0.007679
1 0.369370 0.365512 0.011897 0.012281
1 0.362104 0.358951 0.004115 0.013048
2 0.369300 0.357858 0.053884 0.027756
1 0.533569 0.158004 0.021354 0.011769
1 0.626859 0.598421 0.010000 0.016579
2 0.691510 0.436160 0.008213 0.021502
1 0.584485 0.553319 0.006557 0.005534
2 0.637641 0.362628 0.014301 0.017310
1 0.812896 0.880762 0.007075 0.030457
1 0.798840 0.894006 0.005921 0.035015
1 0.593088 0.567990 0.011187 0.007251
1 0.827429 0.881142 0.004770 0.006510
2 0.608665 0.370417 0.009792 0.008304
1 0.691502 0.491369 0.003618 0.006692
2 0.684380 0.495378 0.009874 0.014156
1 0.582215 0.253394 0.003684 0.006363
1 0.621584 0.362840 0.015428 0.017200
1 0.497484 0.153701 0.004572 0.005267
1 0.588547 0.576129 0.006941 0.006221
1 0.828176 0.687663 0.009805 0.025830
1 0.378606 0.360826 0.006198 0.009196
1 0.595576 0.281334 0.003673 0.004715
1 0.601560 0.344041 0.010313 0.013520
1 0.598470 0.602557 0.013542 0.009061
1 0.611604 0.350307 0.012747 0.009759
1 0.605868 0.288735 0.005403 0.004094
1 0.560082 0.133728 0.005493 0.007105
2 0.644701 0.376314 0.025329 0.013118
1 0.373399 0.353567 0.005954 0.008406
1 0.564065 0.130742 0.004046 0.006228
2 0.674910 0.604547 0.053531 0.065797
2 0.495225 0.170621 0.008498 0.038311
1 0.649175 0.320830 0.005674 0.006396
2 0.692275 0.474349 0.004956 0.035972
1 0.829471 0.885841 0.004907 0.006542
1 0.816557 0.742356 0.012966 0.039105
1 0.626024 0.573812 0.004937 0.006754
2 0.655826 0.336838 0.015244 0.034232
1 0.698720 0.634055 0.036765 0.048293
2 0.344871 0.366404 0.038306 0.028041
1 0.589191 0.578732 0.004139 0.005556
1 0.576083 0.543984 0.005367 0.007420
1 0.710715 0.625534 0.027330 0.017368
2 0.652989 0.480040 0.018660 0.094496
1 0.304482 0.344189 0.018394 0.019225
1 0.535548 0.147909 0.008816 0.007061
2 0.306117 0.351007 0.021675 0.033059
1 0.612325 0.372120 0.004671 0.006272
1 0.692194 0.436475 0.006949 0.015793
1 0.596068 0.293194 0.004389 0.004971
