1 0.690969 0.439640 0.006225 0.011809
1 0.646420 0.320099 0.005406 0.007025
2 0.605049 0.541442 0.037659 0.022928
2 0.654722 0.482652 0.020628 0.088841
2 0.580181 0.286118 0.016118 0.076623
1 0.707459 0.638852 0.005598 0.005088
1 0.723635 0.622847 0.004359 0.006213
1 0.658690 0.450567 0.012632 0.024825
1 0.561049 0.239861 0.011894 0.024949
2 0.697018 0.419189 0.022851 0.030241
1 0.607811 0.345828 0.014372 0.008951
1 0.374572 0.351776 0.006480 0.010219
1 0.592701 0.570888 0.010595 0.004832
2 0.632775 0.383381 0.044575 0.014086
2 0.561195 0.301080 0.009550 0.014550
2 0.592385 0.307279 0.010088 0.017752
1 0.827618 0.882657 0.004468 0.010088
2 0.305126 0.343494 0.017544 0.040775
1 0.814707 0.743059 0.010992 0.035746
1 0.555175 0.282215 0.004079 0.007705
1 0.556223 0.131334 0.006414 0.006981
1 0.706190 0.431107 0.007703 0.006287
1 0.599093 0.598931 0.016617 0.012760
1 0.368122 0.336985 0.008224 0.007456
2 0.555766 0.271520 0.005173 0.024101
2 0.362267 0.347230 0.057686 0.027997
2 0.653718 0.336513 0.016658 0.035270
2 0.636303 0.362893 0.014301 0.017306
1 0.800206 0.894879 0.008964 0.035387
1 0.573712 0.248317 0.003454 0.005135
2 0.726480 0.636292 0.010411 0.030384
1 0.661154 0.471625 0.004112 0.006670
2 0.540097 0.177332 0.062218 0.022295
1 0.556961 0.295281 0.002404 0.007325
1 0.812926 0.881820 0.007103 0.030439
1 0.329046 0.370026 0.009183 0.011769
1 0.570669 0.244744 0.003684 0.005088
2 0.489089 0.143430 0.011867 0.057686
2 0.640587 0.373399 0.019649 0.010804
1 0.349427 0.342412 0.004934 0.014364
1 0.305182 0.334793 0.017651 0.023447
1 0.492560 0.118288 0.004715 0.010493
1 0.632566 0.370362 0.003591 0.004642
2 0.333607 0.355550 0.036754 0.040567
1 0.676590 0.620512 0.029046 0.031126
1 0.361597 0.350636 0.012826 0.012025
2 0.691414 0.633344 0.081919 0.049898
1 0.829386 0.886769 0.004605 0.009174
1 0.616652 0.383644 0.012360 0.013480
2 0.601399 0.375506 0.020699 0.014463
1 0.813521 0.686318 0.013172 0.034309
1 0.589509 0.580660 0.004967 0.006531
1 0.688876 0.638549 0.009605 0.007800
1 0.577120 0.544187 0.004657 0.005340
1 0.587621 0.531201 0.003947 0.006524
1 0.517368 0.182580 0.016941 0.011754
1 0.593155 0.305791 0.008366 0.014638
1 0.609844 0.379399 0.004737 0.006553
2 0.660164 0.479430 0.005482 0.016272
2 0.690140 0.439773 0.007856 0.015789
