2 0.655825 0.336080 0.014753 0.031078
2 0.538432 0.160810 0.056014 0.009046
1 0.622270 0.361466 0.015406 0.016060
1 0.581664 0.251897 0.003015 0.009028
2 0.693742 0.635422 0.080652 0.048264
2 0.586153 0.252933 0.008972 0.050983
2 0.369970 0.347909 0.060049 0.029737
2 0.340022 0.367074 0.038942 0.015011
2 0.655293 0.482312 0.020186 0.087021
1 0.593823 0.608688 0.012908 0.007310
1 0.346461 0.370027 0.009430 0.008849
1 0.692163 0.437573 0.005839 0.011769
1 0.658898 0.450835 0.012599 0.024126
1 0.613295 0.349174 0.012632 0.011316
1 0.624078 0.569265 0.005293 0.006257
2 0.696295 0.419740 0.019471 0.033282
2 0.531920 0.167175 0.065354 0.040314
1 0.563231 0.149947 0.005644 0.007789
1 0.562541 0.131139 0.008098 0.009214
1 0.537320 0.172127 0.009213 0.006360
1 0.575961 0.543660 0.006160 0.007679
1 0.813206 0.880705 0.006637 0.030183
1 0.373698 0.351765 0.018553 0.017639
1 0.604955 0.340146 0.010979 0.014064
1 0.823165 0.685004 0.012212 0.027610
1 0.375132 0.339189 0.006316 0.007968
1 0.589400 0.578209 0.004150 0.006579
1 0.624907 0.601402 0.004846 0.007409
2 0.570188 0.143289 0.017426 0.028794
1 0.665726 0.469967 0.004243 0.011279
1 0.588521 0.277021 0.004696 0.006418
1 0.306830 0.337085 0.016022 0.016349
1 0.649608 0.321246 0.005263 0.005175
2 0.307484 0.345738 0.017495 0.033516
1 0.798819 0.894644 0.005916 0.034470
2 0.637808 0.361935 0.014301 0.017306
1 0.522039 0.161217 0.023130 0.006221
2 0.492573 0.170048 0.013051 0.036842
2 0.606808 0.370557 0.016275 0.011473
1 0.594413 0.568580 0.008569 0.005420
1 0.703004 0.433004 0.008169 0.007968
1 0.698962 0.627420 0.046839 0.024101
1 0.827803 0.880727 0.004306 0.007273
2 0.534572 0.162690 0.043481 0.025490
1 0.814649 0.743332 0.013509 0.037248
2 0.645532 0.375309 0.024846 0.014090
1 0.686242 0.630779 0.015143 0.014225
1 0.588590 0.553684 0.004899 0.007946
1 0.829570 0.885625 0.004550 0.006323
2 0.691457 0.436769 0.007316 0.014956
1 0.613690 0.373790 0.005702 0.006177
2 0.685525 0.601398 0.073901 0.075859
1 0.596539 0.284404 0.004690 0.006067
