1 0.369382 0.365514 0.011609 0.012372
1 0.798783 0.894264 0.006382 0.034207
2 0.691983 0.432743 0.007212 0.025961
1 0.632532 0.369273 0.003813 0.004591
1 0.700007 0.489017 0.019339 0.018531
1 0.304167 0.343401 0.017703 0.018308
2 0.656373 0.335762 0.015735 0.031999
1 0.829444 0.885634 0.004819 0.007738
2 0.368135 0.358185 0.053813 0.027379
1 0.692104 0.433043 0.007377 0.021254
1 0.689555 0.490227 0.003901 0.006601
1 0.613742 0.366511 0.004441 0.006605
1 0.378956 0.360614 0.005833 0.009547
2 0.306191 0.351279 0.021878 0.033984
1 0.827721 0.880709 0.004921 0.006952
1 0.595474 0.281499 0.003783 0.004861
1 0.343006 0.374713 0.008999 0.011875
2 0.645062 0.375356 0.027196 0.015610
1 0.581173 0.554349 0.004879 0.007164
2 0.698122 0.632970 0.098646 0.064463
1 0.649444 0.321109 0.005099 0.006583
1 0.812926 0.880603 0.006998 0.030241
1 0.625422 0.598529 0.010214 0.016202
1 0.620496 0.573531 0.004682 0.006235
1 0.596158 0.293229 0.003950 0.006692
2 0.495201 0.171168 0.008320 0.038871
2 0.669021 0.605724 0.045883 0.069561
1 0.533421 0.160950 0.021151 0.017763
1 0.602426 0.337226 0.010663 0.015680
2 0.342834 0.365515 0.042621 0.030154
2 0.696149 0.489890 0.027144 0.020461
1 0.693300 0.639196 0.034271 0.047770
1 0.587778 0.585115 0.004131 0.005698
1 0.574844 0.544355 0.005000 0.006502
1 0.611721 0.345426 0.013147 0.010113
1 0.596487 0.603448 0.013287 0.009697
1 0.707031 0.628564 0.027495 0.016703
2 0.652708 0.491544 0.008328 0.046458
1 0.618877 0.356343 0.013687 0.016926
1 0.564109 0.130852 0.004682 0.007741
1 0.581905 0.253872 0.003953 0.005852
1 0.654677 0.469662 0.005735 0.011714
2 0.636627 0.362487 0.014301 0.017306
1 0.680201 0.430289 0.007662 0.009013
1 0.827521 0.686360 0.010079 0.023874
2 0.690811 0.474276 0.006075 0.035797
1 0.592754 0.569543 0.007070 0.006148
1 0.586705 0.579399 0.004101 0.006751
1 0.362338 0.357131 0.003613 0.013355
1 0.816669 0.742725 0.013459 0.040420
1 0.497579 0.152679 0.004101 0.005007
1 0.560117 0.133425 0.004542 0.006513
