1 0.338425 0.350950 0.004592 0.012602
2 0.630265 0.368162 0.037569 0.018143
1 0.584364 0.556667 0.003618 0.005702
2 0.599719 0.374952 0.023780 0.017303
1 0.600134 0.614631 0.010493 0.012500
1 0.589760 0.579240 0.004937 0.006469
1 0.560569 0.235852 0.010145 0.012895
1 0.798790 0.895545 0.006121 0.034642
1 0.623173 0.574726 0.004663 0.005921
1 0.641408 0.321904 0.008056 0.008472
2 0.375096 0.331204 0.044978 0.022379
1 0.561109 0.119156 0.006620 0.007982
2 0.500554 0.148350 0.009249 0.055099
1 0.594541 0.569664 0.007157 0.005227
1 0.665182 0.623900 0.007366 0.008728
1 0.619050 0.368173 0.015074 0.018158
1 0.692182 0.434702 0.007500 0.016531
2 0.682264 0.629251 0.057259 0.033677
1 0.708320 0.641952 0.004967 0.005965
1 0.367996 0.341365 0.006223 0.007292
1 0.625166 0.594691 0.015907 0.018951
2 0.662334 0.492573 0.033808 0.061053
1 0.671131 0.471480 0.016072 0.019028
1 0.292497 0.349448 0.020334 0.024846
2 0.550241 0.143717 0.023235 0.014042
1 0.555476 0.281667 0.007777 0.011053
2 0.649600 0.333332 0.018909 0.026670
2 0.360530 0.352041 0.054312 0.033534
1 0.371664 0.359980 0.015461 0.014039
1 0.609844 0.380539 0.007577 0.011115
1 0.584859 0.295126 0.007843 0.009938
2 0.673411 0.606798 0.051785 0.086221
1 0.811002 0.874437 0.002174 0.003114
2 0.584108 0.305715 0.004509 0.025888
1 0.569726 0.246992 0.004101 0.005753
1 0.352860 0.339730 0.004899 0.008450
1 0.538209 0.137198 0.017536 0.011327
2 0.328517 0.362617 0.024391 0.035899
1 0.331223 0.375051 0.006195 0.010855
2 0.558814 0.121283 0.005880 0.009905
1 0.586075 0.541840 0.005592 0.007197
2 0.636027 0.361831 0.014301 0.017310
1 0.817821 0.682301 0.014731 0.027599
1 0.502885 0.124625 0.008369 0.013805
2 0.692133 0.429278 0.007566 0.028498
1 0.569072 0.237825 0.004899 0.010841
1 0.569512 0.545570 0.006941 0.008333
1 0.828842 0.885415 0.006006 0.007021
2 0.595385 0.614726 0.020030 0.012507
2 0.294402 0.349971 0.024216 0.025811
1 0.608354 0.347138 0.015079 0.009466
1 0.689442 0.640654 0.019701 0.018553
1 0.813281 0.743178 0.010060 0.035998
1 0.676683 0.631122 0.006113 0.002595
