1 0.558235 0.127708 0.005894 0.006469
2 0.689630 0.430185 0.009666 0.026034
1 0.591280 0.567602 0.006963 0.006250
1 0.365288 0.350603 0.003947 0.018092
1 0.821129 0.684344 0.011469 0.029185
1 0.827726 0.881091 0.004471 0.005376
2 0.585831 0.252657 0.008498 0.051433
1 0.379061 0.350548 0.006445 0.007237
1 0.694759 0.637041 0.028882 0.013045
1 0.579478 0.552473 0.003484 0.005815
1 0.604598 0.329828 0.010759 0.016016
1 0.683490 0.643671 0.042917 0.037365
1 0.617804 0.349872 0.011870 0.013194
1 0.535359 0.141714 0.019079 0.014817
1 0.596468 0.283918 0.003490 0.005921
1 0.651202 0.323896 0.005211 0.004737
2 0.307666 0.346107 0.018056 0.034861
2 0.493755 0.154812 0.010197 0.056846
2 0.636894 0.361199 0.014298 0.017310
2 0.536275 0.168553 0.049211 0.037668
2 0.371120 0.347833 0.064010 0.031440
1 0.588344 0.276594 0.005000 0.006798
1 0.345359 0.369918 0.007730 0.008702
2 0.656114 0.483236 0.007223 0.033995
2 0.658184 0.336372 0.015611 0.029010
1 0.574356 0.543227 0.004962 0.006652
1 0.798684 0.894211 0.006157 0.034313
1 0.594829 0.602142 0.013084 0.008246
1 0.496568 0.129918 0.004934 0.010530
1 0.372360 0.353215 0.009814 0.009214
2 0.646169 0.375263 0.027832 0.014825
1 0.306600 0.336723 0.015704 0.015961
2 0.686830 0.634768 0.072596 0.034258
1 0.613728 0.343123 0.014117 0.010749
2 0.650465 0.477984 0.015381 0.087694
1 0.620795 0.602357 0.005099 0.007507
1 0.677834 0.425671 0.008070 0.010610
1 0.633705 0.369101 0.004964 0.006038
1 0.651493 0.446131 0.013133 0.024514
1 0.829619 0.886265 0.004797 0.007822
1 0.615197 0.363874 0.005674 0.006213
1 0.657766 0.467133 0.004457 0.009163
1 0.375060 0.339837 0.005894 0.007898
1 0.814963 0.742399 0.013643 0.036385
1 0.583751 0.580932 0.003703 0.005373
1 0.690466 0.431265 0.007993 0.022032
1 0.540315 0.180859 0.011804 0.013012
1 0.702209 0.485009 0.003629 0.007211
2 0.697978 0.463114 0.011982 0.045205
2 0.350869 0.358324 0.050839 0.031999
1 0.584005 0.578414 0.003646 0.006506
1 0.813032 0.880340 0.006853 0.030037
1 0.562989 0.130559 0.003676 0.007639
