2 0.495411 0.150113 0.014605 0.054503
1 0.613096 0.374715 0.006001 0.006791
1 0.666025 0.470605 0.005839 0.009105
2 0.685389 0.606160 0.073657 0.084507
1 0.369230 0.360694 0.012714 0.011740
2 0.384718 0.359748 0.007018 0.013596
1 0.372782 0.350647 0.008065 0.007895
1 0.589668 0.578518 0.004940 0.006319
1 0.692089 0.438218 0.005987 0.011363
1 0.813165 0.881056 0.006631 0.029846
1 0.382423 0.363657 0.006020 0.007409
2 0.637541 0.361822 0.014298 0.017306
2 0.696025 0.419717 0.019825 0.033359
1 0.698836 0.631844 0.046609 0.032906
1 0.516560 0.164030 0.021727 0.015069
1 0.813416 0.745194 0.011206 0.039876
1 0.622490 0.362460 0.015480 0.015197
1 0.588784 0.277005 0.005282 0.006890
2 0.644974 0.375588 0.024783 0.014554
2 0.655418 0.336965 0.015694 0.031868
2 0.691446 0.437178 0.007130 0.013538
1 0.500432 0.127261 0.005847 0.011977
1 0.829422 0.886440 0.004386 0.006506
1 0.563761 0.135192 0.006398 0.007240
1 0.649476 0.321882 0.006908 0.005921
2 0.693158 0.635280 0.079408 0.047145
1 0.307011 0.341689 0.019964 0.015029
1 0.823102 0.684035 0.011796 0.024700
1 0.627385 0.597341 0.010367 0.016553
2 0.655282 0.482120 0.020088 0.087266
1 0.658725 0.450683 0.013262 0.024525
2 0.537985 0.163487 0.064572 0.016009
1 0.798657 0.894973 0.005866 0.035303
1 0.597278 0.284870 0.004550 0.005793
1 0.624069 0.569437 0.006752 0.006630
2 0.533954 0.152887 0.062442 0.039890
2 0.307752 0.350018 0.021601 0.031732
1 0.703076 0.432979 0.008487 0.007807
1 0.593470 0.609978 0.012763 0.009035
1 0.588202 0.554653 0.005515 0.007405
1 0.575219 0.543596 0.005888 0.006447
1 0.827722 0.881853 0.004441 0.006177
1 0.698902 0.636202 0.025332 0.011952
1 0.612533 0.350088 0.015263 0.012807
1 0.349892 0.374004 0.014471 0.010099
2 0.351160 0.369088 0.053459 0.019836
2 0.606473 0.371499 0.016461 0.011725
2 0.586276 0.252688 0.009076 0.052474
1 0.604143 0.342315 0.011450 0.013578
1 0.593853 0.568911 0.008056 0.006001
