1 0.502660 0.124762 0.004663 0.013779
1 0.293912 0.354084 0.021826 0.024748
1 0.560773 0.119079 0.005044 0.005482
1 0.587231 0.546457 0.004194 0.005267
2 0.330807 0.355877 0.022569 0.048194
1 0.629940 0.568001 0.004468 0.006893
1 0.567296 0.287977 0.002991 0.005852
2 0.648083 0.334748 0.020233 0.026330
2 0.683968 0.506689 0.017207 0.016623
2 0.360392 0.349549 0.061837 0.038315
2 0.549797 0.144342 0.024046 0.014635
2 0.567219 0.278224 0.003479 0.025424
2 0.686997 0.601736 0.077963 0.079481
2 0.705066 0.411491 0.027977 0.013787
1 0.576732 0.539094 0.004359 0.006104
1 0.692522 0.435303 0.007533 0.014868
1 0.820561 0.683670 0.013594 0.027661
2 0.557312 0.121173 0.011922 0.009686
1 0.338947 0.337495 0.006255 0.011393
1 0.690159 0.501950 0.004622 0.006948
1 0.352449 0.340874 0.002141 0.002778
1 0.387437 0.324879 0.002577 0.002083
2 0.566461 0.273010 0.012089 0.012613
1 0.638994 0.322772 0.004633 0.006107
2 0.636447 0.363218 0.014298 0.017306
1 0.716475 0.414452 0.005022 0.006572
1 0.827030 0.883352 0.004230 0.004262
2 0.607841 0.374055 0.016012 0.008659
1 0.798691 0.892548 0.005990 0.042039
1 0.370007 0.352657 0.014367 0.027156
1 0.366140 0.337500 0.004775 0.006871
1 0.601128 0.347478 0.028226 0.016667
2 0.692474 0.435175 0.007738 0.016045
1 0.689198 0.634903 0.042070 0.018498
1 0.614755 0.376583 0.005469 0.006849
1 0.585732 0.269680 0.005016 0.004711
1 0.583953 0.559931 0.002697 0.005095
2 0.694175 0.635519 0.080291 0.047018
1 0.704763 0.627082 0.042366 0.029024
2 0.500448 0.146800 0.009087 0.057825
2 0.294619 0.354053 0.023553 0.024700
1 0.812745 0.744768 0.011127 0.038432
1 0.592788 0.570232 0.010307 0.005596
2 0.635370 0.372632 0.034441 0.008589
1 0.330903 0.373244 0.005611 0.013454
1 0.561568 0.267891 0.003509 0.005300
1 0.829482 0.887398 0.004852 0.005702
2 0.563917 0.237173 0.018246 0.045610
1 0.667349 0.483816 0.016870 0.023085
1 0.558736 0.239466 0.007582 0.017997
2 0.592841 0.272021 0.015672 0.008772
1 0.559541 0.612851 0.012497 0.016915
1 0.536887 0.137774 0.018473 0.011213
2 0.654457 0.498476 0.019402 0.052500
1 0.590077 0.580652 0.004611 0.006517
1 0.623988 0.601537 0.015822 0.019017
1 0.619777 0.367500 0.011571 0.017383
1 0.813088 0.872500 0.006741 0.010621
