1 0.624529 0.599066 0.016667 0.018132
1 0.556088 0.131586 0.006250 0.006096
1 0.612185 0.344605 0.022314 0.011294
2 0.600561 0.374468 0.025447 0.015939
1 0.585030 0.293118 0.002374 0.004218
2 0.682821 0.502586 0.014260 0.016992
2 0.586823 0.287908 0.007527 0.079163
1 0.727082 0.624150 0.004422 0.011056
1 0.585217 0.310846 0.003180 0.005925
1 0.330937 0.376729 0.010088 0.011528
1 0.812865 0.881932 0.007253 0.030362
2 0.729574 0.637403 0.009498 0.029331
2 0.694890 0.638218 0.082352 0.042452
2 0.690666 0.436714 0.006880 0.020139
2 0.368958 0.352942 0.063964 0.028830
2 0.336861 0.365895 0.039211 0.033297
2 0.643905 0.376658 0.024871 0.014090
1 0.588610 0.531857 0.004709 0.006272
2 0.605824 0.542145 0.037179 0.023275
2 0.634601 0.374945 0.037826 0.016901
1 0.594677 0.570738 0.008103 0.005439
1 0.678890 0.627593 0.030005 0.029580
2 0.659068 0.483461 0.027796 0.085629
1 0.372549 0.345435 0.006360 0.007566
1 0.668328 0.475638 0.001760 0.004346
2 0.388924 0.359198 0.012272 0.019675
1 0.565226 0.233271 0.014553 0.021835
1 0.827667 0.882800 0.004309 0.007412
1 0.370293 0.360451 0.014781 0.012577
1 0.710600 0.638792 0.004424 0.006093
1 0.306863 0.341087 0.016647 0.023586
1 0.633836 0.370925 0.005458 0.004788
1 0.384341 0.365757 0.005376 0.010599
1 0.590041 0.580958 0.004413 0.006491
1 0.350976 0.352856 0.010800 0.007058
1 0.622961 0.374995 0.014589 0.016948
1 0.588004 0.251394 0.003618 0.005932
2 0.539688 0.176676 0.063240 0.021626
1 0.665447 0.452710 0.015049 0.024126
1 0.584679 0.553414 0.003163 0.005000
1 0.798684 0.895952 0.006086 0.034894
1 0.829678 0.886966 0.004844 0.007237
1 0.597807 0.599927 0.011447 0.010570
1 0.517320 0.181685 0.018391 0.011703
2 0.674963 0.627632 0.037733 0.029357
1 0.492941 0.117535 0.004304 0.010238
1 0.690112 0.496140 0.004605 0.005702
2 0.489053 0.142844 0.011757 0.057939
1 0.557020 0.282504 0.004342 0.006579
1 0.611053 0.379388 0.004545 0.006064
2 0.674561 0.364812 0.007807 0.008140
1 0.694870 0.638712 0.013649 0.008732
1 0.814870 0.680804 0.011796 0.024949
1 0.576837 0.544335 0.004507 0.005614
1 0.816428 0.744057 0.013361 0.036001
1 0.634158 0.560424 0.003838 0.005007
2 0.637220 0.362807 0.014298 0.017310
2 0.306905 0.347491 0.016732 0.036283
1 0.691025 0.441343 0.006053 0.009784
