1 0.701543 0.626115 0.044008 0.023648
2 0.495484 0.151073 0.014515 0.054580
1 0.500543 0.127714 0.004885 0.014836
1 0.707105 0.428487 0.009474 0.007149
2 0.697098 0.634740 0.091642 0.057098
1 0.588501 0.276455 0.005154 0.007493
2 0.534300 0.152597 0.062103 0.039982
1 0.829685 0.886380 0.004331 0.006502
1 0.308520 0.336272 0.015170 0.020570
1 0.517515 0.166221 0.018868 0.017705
2 0.634083 0.361829 0.035238 0.016692
1 0.336556 0.373618 0.008999 0.010314
1 0.384190 0.358120 0.004197 0.008417
1 0.592050 0.608421 0.009156 0.006689
1 0.813155 0.881343 0.006711 0.030223
1 0.372804 0.353363 0.013410 0.011893
1 0.825234 0.685411 0.011976 0.027716
1 0.610677 0.341954 0.014084 0.006846
1 0.625313 0.361824 0.017675 0.016623
1 0.827819 0.882122 0.004608 0.006181
1 0.659494 0.450614 0.015551 0.024795
1 0.648295 0.321901 0.006113 0.006323
2 0.370541 0.351146 0.054285 0.025647
1 0.575510 0.543925 0.005099 0.006228
1 0.813008 0.743459 0.013078 0.037431
1 0.622455 0.568633 0.004049 0.004781
2 0.595729 0.314711 0.041124 0.033882
2 0.586064 0.252244 0.008350 0.051294
2 0.655244 0.335161 0.018788 0.030826
1 0.589339 0.578615 0.004046 0.006447
1 0.376737 0.342917 0.007130 0.007200
2 0.339741 0.360391 0.043429 0.036740
1 0.587434 0.557783 0.004211 0.006056
1 0.564353 0.134806 0.006491 0.007632
1 0.596739 0.283946 0.004230 0.006824
1 0.627233 0.596895 0.010025 0.016422
2 0.646272 0.375311 0.026349 0.013933
2 0.308522 0.345455 0.015291 0.038936
2 0.539293 0.165369 0.062297 0.019335
1 0.359437 0.348522 0.003972 0.012957
1 0.798928 0.893567 0.005916 0.031433
2 0.636748 0.361486 0.014301 0.017306
1 0.593995 0.569031 0.007536 0.004737
2 0.699407 0.417372 0.022009 0.028399
2 0.686087 0.600808 0.075003 0.074064
2 0.656132 0.482239 0.022346 0.087796
1 0.663638 0.469317 0.004687 0.008516
1 0.692911 0.438635 0.006086 0.010705
2 0.692658 0.438299 0.006598 0.014097
1 0.700344 0.626537 0.040244 0.020830
1 0.609804 0.308801 0.012793 0.022595
