1 0.333329 0.370139 0.004542 0.013743
1 0.585127 0.556963 0.003917 0.004423
2 0.667887 0.470395 0.001617 0.003582
1 0.595147 0.565937 0.006850 0.004901
1 0.624485 0.595826 0.015428 0.018377
2 0.550932 0.141606 0.022588 0.013183
1 0.686705 0.634229 0.040461 0.017946
1 0.715655 0.411740 0.005318 0.006871
1 0.690164 0.626725 0.025027 0.021579
2 0.675454 0.597643 0.054416 0.079364
1 0.584493 0.598077 0.020170 0.008633
2 0.595461 0.320347 0.041140 0.025680
1 0.608514 0.311795 0.014879 0.008509
1 0.540578 0.135941 0.017725 0.010698
1 0.562534 0.118933 0.004317 0.005775
1 0.627463 0.575656 0.004005 0.007233
1 0.390056 0.322230 0.002607 0.001864
1 0.810219 0.868092 0.001875 0.003728
1 0.678624 0.484613 0.014934 0.021886
1 0.368400 0.334828 0.004838 0.006469
1 0.611394 0.340552 0.014257 0.007770
1 0.590773 0.575080 0.003651 0.006667
1 0.566513 0.285567 0.002993 0.006272
1 0.619553 0.365164 0.007363 0.005197
2 0.363165 0.346789 0.060156 0.038176
1 0.577810 0.534664 0.003975 0.005665
2 0.615832 0.364485 0.007486 0.006126
2 0.704449 0.408554 0.027664 0.014463
1 0.577138 0.567869 0.003180 0.004459
2 0.567329 0.270583 0.004696 0.036283
1 0.341628 0.334081 0.005735 0.010135
1 0.587170 0.545682 0.003402 0.004901
2 0.502223 0.146438 0.009134 0.056276
2 0.691872 0.434419 0.007533 0.014781
1 0.355058 0.337853 0.002253 0.002394
1 0.559620 0.132935 0.003588 0.005614
2 0.331941 0.353077 0.025236 0.047807
1 0.295524 0.351177 0.019375 0.024649
1 0.692103 0.434260 0.007023 0.012767
1 0.827867 0.879167 0.006118 0.009561
1 0.818540 0.678114 0.014921 0.027346
2 0.669733 0.625605 0.030151 0.032021
1 0.567015 0.242471 0.005406 0.010673
2 0.558579 0.120493 0.012360 0.008925
1 0.640389 0.320384 0.005729 0.007858
1 0.627044 0.342116 0.013978 0.015007
2 0.297577 0.351146 0.023514 0.024828
1 0.504737 0.123392 0.003991 0.010234
2 0.649046 0.331137 0.018980 0.026096
1 0.819860 0.737593 0.009786 0.032445
1 0.798078 0.888938 0.005762 0.034309
1 0.372352 0.349883 0.014062 0.026886
