1 0.668876 0.474176 0.001447 0.003469
2 0.672586 0.608737 0.049734 0.086078
2 0.682734 0.632781 0.057201 0.028180
1 0.582961 0.301859 0.005855 0.009017
1 0.636650 0.478595 0.004660 0.007460
1 0.625122 0.596462 0.015907 0.018947
1 0.814423 0.744508 0.012070 0.037526
1 0.555921 0.132979 0.007895 0.010709
2 0.294131 0.352460 0.024556 0.024393
2 0.595263 0.614649 0.021135 0.011893
1 0.565265 0.239545 0.009833 0.012431
2 0.644568 0.498935 0.020008 0.042643
1 0.691631 0.438947 0.006469 0.013048
1 0.586954 0.604262 0.006223 0.004861
2 0.636516 0.363315 0.014298 0.017310
2 0.539398 0.177593 0.063089 0.022431
1 0.600946 0.503951 0.005510 0.007522
1 0.517262 0.182617 0.018531 0.012325
1 0.593605 0.270978 0.005033 0.006670
1 0.694379 0.638567 0.033917 0.014466
1 0.680869 0.637895 0.033207 0.027851
2 0.648442 0.334724 0.020748 0.026817
1 0.381931 0.369865 0.007958 0.006250
1 0.638775 0.449384 0.013679 0.024704
1 0.620772 0.370073 0.014679 0.018509
2 0.640508 0.482931 0.017174 0.091842
1 0.628457 0.553836 0.004359 0.005501
2 0.599993 0.375322 0.023495 0.017690
1 0.827305 0.884494 0.003986 0.007211
1 0.818276 0.682549 0.013416 0.027467
2 0.586303 0.302374 0.017771 0.064083
1 0.813144 0.872297 0.006546 0.010084
1 0.829751 0.886835 0.004940 0.006213
2 0.382781 0.364921 0.009690 0.016159
1 0.493026 0.117675 0.006277 0.013684
1 0.600003 0.614622 0.011595 0.011838
2 0.691690 0.438065 0.006467 0.017182
1 0.584734 0.550883 0.003191 0.005311
2 0.361106 0.365461 0.045233 0.022792
1 0.336229 0.366425 0.007163 0.018794
2 0.328450 0.370294 0.022717 0.026510
1 0.595005 0.570344 0.007138 0.004912
2 0.617629 0.527122 0.038109 0.049360
1 0.392241 0.338589 0.002388 0.001754
1 0.569718 0.545581 0.004276 0.005694
1 0.613468 0.345663 0.019189 0.012175
1 0.358891 0.361148 0.004624 0.004678
1 0.331497 0.380013 0.005373 0.007021
1 0.798790 0.892593 0.005694 0.042518
1 0.370907 0.370340 0.008936 0.013341
1 0.610559 0.381475 0.006206 0.008841
1 0.373982 0.356798 0.007300 0.008699
2 0.488927 0.142186 0.012410 0.057917
2 0.632951 0.370051 0.039049 0.018655
1 0.639689 0.323200 0.004553 0.005486
1 0.589936 0.580546 0.004498 0.006729
1 0.292634 0.352476 0.021420 0.024448
1 0.554350 0.281192 0.004945 0.008567
