2 0.573322 0.269602 0.005121 0.034861
1 0.813265 0.881668 0.007346 0.029865
2 0.309308 0.347849 0.019180 0.035406
2 0.490263 0.140183 0.013098 0.057507
2 0.369857 0.352761 0.053991 0.025106
1 0.707734 0.432383 0.007371 0.007018
1 0.494468 0.115819 0.005751 0.008648
1 0.582558 0.251769 0.004545 0.006572
1 0.595225 0.608450 0.011979 0.006711
1 0.372293 0.355062 0.013117 0.011893
2 0.610406 0.369865 0.012533 0.010088
2 0.655625 0.336784 0.014967 0.031711
1 0.703294 0.620278 0.042974 0.020000
1 0.588958 0.564253 0.005016 0.006371
1 0.356168 0.351259 0.012571 0.009485
2 0.697005 0.634419 0.092289 0.057208
1 0.691975 0.440857 0.006088 0.010274
1 0.659476 0.450413 0.013914 0.023728
2 0.341033 0.362714 0.042955 0.032262
2 0.646837 0.377363 0.021700 0.012189
1 0.829701 0.886997 0.004578 0.007416
1 0.586077 0.553149 0.003986 0.005106
2 0.634296 0.365086 0.037462 0.018527
2 0.595629 0.319161 0.038840 0.031012
1 0.615647 0.372390 0.005099 0.006689
1 0.590567 0.579920 0.004600 0.006623
1 0.609261 0.313798 0.011664 0.020395
1 0.827891 0.882701 0.004416 0.005702
1 0.377297 0.344682 0.008980 0.007712
1 0.665487 0.473145 0.005211 0.008900
1 0.798783 0.895552 0.006201 0.034627
2 0.698247 0.419311 0.023522 0.031648
1 0.309300 0.339039 0.019191 0.017844
1 0.826964 0.686877 0.009630 0.024463
1 0.623232 0.363861 0.015378 0.015808
1 0.572612 0.286351 0.004013 0.007935
2 0.655522 0.482992 0.021774 0.088863
1 0.596154 0.283924 0.005027 0.005347
1 0.650008 0.322416 0.006590 0.006148
2 0.637525 0.362332 0.014298 0.017310
1 0.336668 0.373746 0.009126 0.010256
1 0.575854 0.544832 0.006987 0.008260
1 0.627956 0.598076 0.010737 0.016531
1 0.557403 0.128675 0.006867 0.008103
1 0.813314 0.743675 0.012747 0.037131
2 0.686750 0.597644 0.076022 0.065062
1 0.592767 0.570808 0.010162 0.004642
1 0.700958 0.624433 0.036401 0.019189
2 0.691683 0.439211 0.006645 0.016930
1 0.384737 0.360400 0.006661 0.008490
1 0.609345 0.343836 0.012823 0.007138
