2 0.692226 0.436155 0.007484 0.014327
1 0.610626 0.382250 0.006395 0.011115
2 0.567489 0.276700 0.003591 0.021974
1 0.608036 0.357474 0.005129 0.011988
1 0.602038 0.360731 0.005622 0.008026
1 0.798821 0.895941 0.006031 0.034872
1 0.609348 0.347069 0.013882 0.009737
2 0.328949 0.362659 0.023846 0.036385
1 0.689714 0.636528 0.042563 0.018830
1 0.567914 0.617909 0.004413 0.011915
1 0.371198 0.359894 0.015954 0.014211
1 0.639734 0.322825 0.004139 0.006031
2 0.566563 0.272529 0.011705 0.012354
2 0.360868 0.352052 0.054592 0.033798
2 0.501028 0.147548 0.010334 0.056455
1 0.587606 0.541155 0.009285 0.011374
1 0.368849 0.341109 0.007292 0.007898
1 0.502988 0.124616 0.006360 0.010417
2 0.682950 0.506626 0.014951 0.016067
1 0.586249 0.269541 0.005595 0.007240
2 0.599002 0.376212 0.025197 0.017431
1 0.562087 0.267677 0.004575 0.005267
2 0.683391 0.632204 0.058109 0.029547
1 0.828871 0.885610 0.006080 0.007113
1 0.353298 0.339889 0.005225 0.007504
1 0.565598 0.262641 0.002489 0.004894
2 0.591998 0.271502 0.012489 0.008721
1 0.817462 0.681700 0.012939 0.028194
1 0.622952 0.363522 0.012791 0.018059
1 0.692325 0.436208 0.007675 0.014207
2 0.636935 0.363366 0.014298 0.017310
1 0.628649 0.571466 0.004611 0.008092
1 0.567632 0.287167 0.005230 0.007939
1 0.811960 0.874819 0.003909 0.004317
1 0.690574 0.501689 0.008117 0.010095
2 0.556420 0.121552 0.010576 0.008980
1 0.623686 0.601499 0.015633 0.018450
1 0.594533 0.569989 0.008528 0.005731
2 0.649566 0.336069 0.020326 0.029682
1 0.291822 0.349757 0.019147 0.024660
1 0.812936 0.740965 0.010192 0.039934
2 0.294472 0.350364 0.024471 0.025874
1 0.560820 0.119580 0.004962 0.006506
2 0.661218 0.498607 0.031181 0.051674
1 0.332692 0.373591 0.009024 0.014660
1 0.705197 0.620247 0.043246 0.022102
1 0.569363 0.545207 0.007300 0.008366
1 0.558978 0.241405 0.007204 0.022160
1 0.668494 0.482061 0.016697 0.018582
1 0.536682 0.137591 0.017629 0.011513
2 0.687458 0.597394 0.078736 0.068048
2 0.550033 0.144269 0.023914 0.014488
1 0.589790 0.580322 0.005101 0.007149
1 0.584674 0.556294 0.005263 0.004868
1 0.338495 0.351084 0.004622 0.013132
2 0.564363 0.236716 0.018078 0.046327
