1 0.382083 0.364804 0.006212 0.008337
2 0.646395 0.375954 0.026848 0.014751
1 0.798776 0.895016 0.005924 0.034382
1 0.622771 0.568187 0.003240 0.003794
1 0.368792 0.361511 0.011916 0.011444
1 0.373695 0.350974 0.007692 0.008176
2 0.533838 0.152546 0.060822 0.037964
1 0.305551 0.341880 0.016683 0.015552
1 0.692876 0.438798 0.006250 0.010928
2 0.539036 0.163359 0.062168 0.015972
1 0.592950 0.569218 0.008958 0.005424
2 0.692061 0.437396 0.007966 0.016268
1 0.649175 0.321782 0.006376 0.006955
2 0.351287 0.366880 0.051319 0.024821
1 0.707393 0.428834 0.009989 0.007705
1 0.663539 0.470755 0.004819 0.009126
2 0.307766 0.350150 0.021250 0.032295
1 0.812996 0.881473 0.006480 0.030329
1 0.517366 0.164298 0.018805 0.013874
1 0.500377 0.126933 0.005277 0.012208
2 0.699460 0.417560 0.021979 0.028388
2 0.684716 0.599081 0.072431 0.069660
2 0.655066 0.482399 0.020274 0.087102
1 0.608962 0.309627 0.013539 0.023465
1 0.827582 0.881753 0.004523 0.006436
1 0.706028 0.627060 0.029720 0.013724
1 0.596684 0.284837 0.004816 0.005866
2 0.697135 0.635786 0.091151 0.056608
1 0.351447 0.374804 0.011787 0.009295
2 0.586086 0.253167 0.008668 0.050866
1 0.812888 0.743924 0.013550 0.037526
2 0.636653 0.361652 0.014298 0.017310
2 0.495243 0.150658 0.014657 0.055146
1 0.624907 0.362873 0.020455 0.014825
1 0.627405 0.597078 0.010228 0.016451
2 0.655325 0.335788 0.018347 0.030398
2 0.595643 0.315470 0.040189 0.035245
1 0.575340 0.543721 0.005121 0.006754
1 0.610450 0.341970 0.012325 0.008129
1 0.699478 0.625799 0.041022 0.020479
1 0.563691 0.135788 0.006297 0.006817
1 0.588884 0.277480 0.004605 0.006312
1 0.825921 0.686864 0.009594 0.025702
2 0.632987 0.362873 0.036680 0.014825
1 0.593008 0.609483 0.015507 0.007555
2 0.384803 0.360090 0.007401 0.013936
1 0.658470 0.451283 0.013322 0.024700
1 0.587887 0.558088 0.005280 0.007376
1 0.829487 0.886541 0.004660 0.007387
1 0.589013 0.578697 0.005016 0.006634
