2 0.307850 0.343774 0.017585 0.035479
1 0.594504 0.570433 0.007401 0.005048
1 0.588414 0.529751 0.003895 0.006104
2 0.698102 0.419216 0.023638 0.030632
1 0.707619 0.431546 0.006686 0.006360
1 0.636388 0.374240 0.010474 0.006177
2 0.637501 0.362135 0.014301 0.017310
1 0.827792 0.882442 0.004498 0.006433
1 0.615206 0.373238 0.004989 0.005811
2 0.654523 0.336557 0.017308 0.033377
2 0.339716 0.357604 0.040359 0.031312
2 0.696816 0.634121 0.091582 0.055947
2 0.489853 0.139730 0.012958 0.056170
2 0.677525 0.596177 0.059271 0.062310
1 0.357840 0.344753 0.005428 0.007277
1 0.621017 0.363949 0.013487 0.016129
1 0.798734 0.891508 0.006020 0.042058
1 0.713528 0.629304 0.005663 0.004390
1 0.382072 0.356798 0.004167 0.007456
1 0.687396 0.617167 0.039704 0.020636
1 0.584169 0.552339 0.003098 0.004898
1 0.336774 0.367823 0.008596 0.010727
1 0.829479 0.886224 0.004523 0.007346
1 0.646734 0.320203 0.006116 0.006583
1 0.576684 0.242599 0.004252 0.005117
1 0.494550 0.115883 0.004605 0.009251
2 0.655784 0.482136 0.021765 0.089931
1 0.691993 0.441058 0.006250 0.010457
1 0.577231 0.543713 0.004386 0.005300
1 0.825399 0.684249 0.012146 0.027270
2 0.605082 0.540468 0.036266 0.023801
2 0.368174 0.348463 0.063607 0.029031
1 0.373081 0.339545 0.007840 0.007533
1 0.363129 0.354242 0.003292 0.004017
1 0.637954 0.565497 0.004252 0.005409
1 0.567977 0.251096 0.004178 0.002632
1 0.814174 0.743642 0.011461 0.034726
1 0.589653 0.579863 0.004394 0.006488
1 0.598665 0.599865 0.013569 0.011279
1 0.369871 0.354443 0.010461 0.009689
1 0.628465 0.598063 0.012116 0.016082
2 0.646649 0.377739 0.022464 0.012189
2 0.633414 0.364984 0.036702 0.018249
1 0.659416 0.449635 0.014666 0.024927
1 0.669282 0.475066 0.001864 0.005007
1 0.571138 0.248448 0.003618 0.004682
1 0.607604 0.345545 0.008635 0.004452
1 0.307880 0.336288 0.017629 0.020311
1 0.695695 0.627847 0.008259 0.005965
2 0.577410 0.277325 0.004221 0.018304
1 0.666291 0.473991 0.004167 0.005921
1 0.577919 0.286199 0.003125 0.004934
2 0.609518 0.370691 0.013618 0.010621
2 0.691645 0.439748 0.006990 0.013158
1 0.615984 0.342615 0.018196 0.006941
1 0.812914 0.881298 0.006661 0.030168
1 0.557700 0.128527 0.005510 0.006579
