2 0.605478 0.540883 0.037393 0.024368
2 0.677436 0.597293 0.059268 0.062431
2 0.646280 0.377714 0.023432 0.013059
1 0.577053 0.544284 0.005367 0.006367
2 0.691811 0.440800 0.007031 0.014817
2 0.632911 0.365249 0.036442 0.016718
1 0.587700 0.529978 0.005482 0.006798
1 0.709723 0.630976 0.015992 0.009905
1 0.584557 0.552076 0.002415 0.002997
2 0.655574 0.336489 0.014992 0.028637
2 0.307289 0.348551 0.017456 0.034287
1 0.582659 0.252405 0.006513 0.007836
1 0.614526 0.342993 0.022138 0.009613
1 0.595954 0.284687 0.003865 0.005376
1 0.707865 0.432010 0.008130 0.006886
1 0.615567 0.372222 0.005071 0.007237
1 0.594184 0.570844 0.008446 0.004532
1 0.376632 0.345705 0.005721 0.007164
2 0.490273 0.141060 0.013522 0.056550
1 0.825955 0.685848 0.012755 0.030102
1 0.372671 0.355526 0.013002 0.012018
2 0.636591 0.361994 0.014301 0.017306
1 0.687270 0.616563 0.039616 0.023944
2 0.698276 0.419600 0.023405 0.030749
1 0.336768 0.374600 0.008629 0.010647
1 0.829539 0.887109 0.004468 0.007127
1 0.556867 0.129620 0.006003 0.006908
1 0.384656 0.360958 0.004608 0.008516
1 0.659104 0.449885 0.014139 0.021626
1 0.814774 0.743456 0.012645 0.037716
2 0.655248 0.483602 0.021850 0.088980
1 0.637548 0.565577 0.005156 0.005556
2 0.573292 0.270278 0.005450 0.034649
2 0.369874 0.353713 0.052692 0.024320
1 0.666721 0.474181 0.005367 0.006637
1 0.359921 0.351106 0.004106 0.012328
2 0.340358 0.365495 0.043517 0.029053
1 0.572252 0.286857 0.003621 0.006725
1 0.630866 0.594872 0.005099 0.014649
2 0.597301 0.318165 0.042399 0.033319
1 0.697714 0.652584 0.005674 0.004751
1 0.494161 0.117562 0.005724 0.009561
1 0.610551 0.313205 0.015762 0.023268
1 0.589785 0.580263 0.004718 0.006615
1 0.621310 0.364474 0.012939 0.015132
1 0.692116 0.441314 0.006168 0.010333
1 0.827621 0.882613 0.004359 0.006031
1 0.798883 0.895775 0.005551 0.034423
1 0.650478 0.324773 0.006033 0.007639
1 0.307314 0.339781 0.017401 0.016513
2 0.610792 0.369688 0.012511 0.009441
1 0.599023 0.599923 0.014422 0.012566
2 0.697037 0.631904 0.091151 0.060687
