1 0.696524 0.636179 0.035016 0.045771
1 0.611371 0.373015 0.005345 0.006396
2 0.637945 0.383567 0.032393 0.016996
2 0.698871 0.631586 0.098799 0.067566
1 0.595038 0.291923 0.005208 0.005263
1 0.681225 0.433015 0.007177 0.009218
1 0.698247 0.483975 0.019657 0.020062
1 0.829485 0.885974 0.005071 0.008783
1 0.624439 0.601870 0.004542 0.007723
1 0.367571 0.352707 0.014402 0.012489
2 0.495164 0.170705 0.008213 0.038516
1 0.816054 0.742505 0.013742 0.038425
1 0.657185 0.468914 0.005970 0.009094
1 0.597902 0.347869 0.007267 0.014349
2 0.674350 0.605281 0.053224 0.073955
2 0.656375 0.335874 0.014043 0.032412
1 0.595343 0.281307 0.004539 0.005157
2 0.695482 0.484543 0.025313 0.021162
1 0.564275 0.130579 0.004855 0.007131
1 0.632952 0.368664 0.004468 0.006400
1 0.375502 0.363180 0.005192 0.007785
1 0.625948 0.385766 0.012089 0.013995
2 0.636356 0.362125 0.014301 0.017306
1 0.827758 0.879541 0.005143 0.007745
1 0.375776 0.357471 0.008416 0.009437
1 0.689916 0.489020 0.005052 0.007003
1 0.560356 0.133978 0.003755 0.008447
2 0.654899 0.488721 0.007966 0.042325
1 0.598465 0.603001 0.013618 0.010658
1 0.704368 0.624695 0.035244 0.022350
1 0.589685 0.583573 0.006393 0.006692
1 0.497434 0.153260 0.004359 0.005629
1 0.581885 0.253437 0.003868 0.006510
2 0.348798 0.370875 0.055228 0.019039
1 0.594400 0.568681 0.008569 0.006111
1 0.827083 0.686508 0.010285 0.026159
2 0.645177 0.374220 0.024312 0.012840
1 0.624317 0.573045 0.004550 0.005848
1 0.812903 0.880018 0.007072 0.030387
1 0.612478 0.352314 0.013224 0.011192
1 0.588721 0.578644 0.003873 0.006250
2 0.692170 0.431658 0.007212 0.036012
1 0.651332 0.320976 0.005620 0.006725
2 0.604874 0.370232 0.015225 0.010303
1 0.692215 0.433103 0.007237 0.021674
1 0.533679 0.157902 0.021316 0.011754
1 0.576323 0.543684 0.005408 0.006842
2 0.305902 0.350501 0.024194 0.032727
2 0.690994 0.473529 0.006083 0.035325
1 0.798613 0.893849 0.006217 0.034817
1 0.302680 0.343118 0.017925 0.017887
1 0.348206 0.374304 0.014367 0.012284
