3 0.347998 0.898326 0.025123 0.025548
4 0.279712 0.347067 0.011974 0.032906
2 0.276103 0.507427 0.064350 0.145234
3 0.294675 0.561107 0.027179 0.037800
4 0.265811 0.655490 0.009759 0.020395
4 0.530499 0.752721 0.011645 0.031897
3 0.264150 0.890616 0.041162 0.034675
4 0.514038 0.754485 0.009276 0.034050
2 0.389167 0.909560 0.291184 0.072621
3 0.423572 0.514757 0.024775 0.046254
2 0.563802 0.826822 0.083690 0.188681
3 0.592430 0.912460 0.026379 0.017515
2 0.267859 0.824196 0.185444 0.173904
2 0.411981 0.479419 0.047947 0.116923
4 0.451880 0.373414 0.024095 0.013560
