2 0.589031 0.383883 0.059367 0.250077
4 0.265948 0.655263 0.009868 0.020614
2 0.267407 0.823692 0.188816 0.172719
3 0.282837 0.788997 0.040071 0.027416
4 0.529261 0.753489 0.010063 0.035742
2 0.477087 0.454461 0.057623 0.075143
4 0.513867 0.754486 0.009592 0.034894
2 0.404449 0.860612 0.283262 0.170662
4 0.578106 0.200329 0.020636 0.008187
2 0.445010 0.815914 0.028835 0.164795
3 0.348849 0.897990 0.025932 0.024050
4 0.452007 0.373432 0.024342 0.013560
3 0.491996 0.451449 0.027796 0.032701
3 0.313595 0.610088 0.021160 0.043860
2 0.276796 0.529406 0.094764 0.205230
4 0.278703 0.346966 0.010302 0.032917
3 0.591164 0.353596 0.029460 0.026908
3 0.447394 0.876261 0.024065 0.044152
