3 0.332326 0.679751 0.029016 0.022105
2 0.511001 0.816319 0.222462 0.209832
4 0.514061 0.754123 0.009520 0.035621
3 0.591915 0.384362 0.032240 0.032518
2 0.362115 0.354821 0.099235 0.081221
3 0.395759 0.417160 0.031595 0.027668
2 0.355262 0.409499 0.112607 0.042975
3 0.411198 0.851608 0.022834 0.053436
4 0.578893 0.200676 0.020636 0.008187
4 0.278813 0.346851 0.010329 0.033023
4 0.452187 0.373344 0.024770 0.013816
3 0.304796 0.420806 0.039032 0.034302
4 0.265885 0.655084 0.010060 0.021053
3 0.326262 0.329243 0.027503 0.030051
2 0.591320 0.415404 0.062738 0.250545
2 0.316641 0.685747 0.060430 0.034105
4 0.529338 0.753807 0.010326 0.035369
2 0.446012 0.508534 0.321409 0.209686
