2 0.789649 0.945548 0.054627 0.049079
3 0.749434 0.863257 0.029263 0.036842
3 0.591893 0.272381 0.033095 0.037372
2 0.304411 0.682421 0.039901 0.028724
2 0.267205 0.489351 0.085381 0.138183
3 0.540022 0.153781 0.038662 0.035727
4 0.268424 0.656254 0.009063 0.019825
3 0.317599 0.675183 0.013383 0.014254
4 0.592789 0.194534 0.004235 0.017621
3 0.788636 0.852242 0.049553 0.030588
2 0.494005 0.399333 0.038909 0.032694
3 0.505728 0.397950 0.015436 0.029934
4 0.776981 0.839722 0.037881 0.014554
3 0.298536 0.544768 0.022730 0.027189
2 0.649698 0.917688 0.228783 0.145683
2 0.568096 0.307049 0.080836 0.235077
4 0.281184 0.346341 0.009539 0.031864
4 0.596255 0.189662 0.002632 0.014799
4 0.455254 0.372763 0.023309 0.012390
4 0.817604 0.839565 0.043251 0.015972
