4 0.281024 0.346471 0.009169 0.031159
3 0.848072 0.808165 0.056686 0.033925
4 0.268405 0.655983 0.008366 0.017580
4 0.595262 0.191831 0.004778 0.016192
2 0.653564 0.895789 0.203728 0.142822
2 0.269715 0.448642 0.059715 0.051838
3 0.589215 0.166427 0.046439 0.035179
3 0.231498 0.675736 0.017525 0.019879
4 0.813172 0.839534 0.051837 0.015172
2 0.858740 0.850771 0.078243 0.119291
3 0.289660 0.433452 0.019759 0.021363
4 0.455189 0.372948 0.023174 0.012102
3 0.739719 0.843176 0.031033 0.037288
4 0.772770 0.839492 0.029570 0.015417
3 0.468494 0.364315 0.022903 0.015720
