2 0.273104 0.498876 0.064246 0.146290
4 0.266135 0.655168 0.010033 0.021228
3 0.520389 0.263673 0.034901 0.046696
3 0.291927 0.554081 0.026584 0.035837
4 0.529290 0.753176 0.010296 0.034912
4 0.451920 0.373180 0.024317 0.013743
3 0.445987 0.819176 0.025976 0.020917
4 0.513978 0.754295 0.009408 0.034342
3 0.442458 0.876007 0.024899 0.047979
4 0.278787 0.346559 0.010282 0.032584
2 0.508026 0.300640 0.059660 0.120724
3 0.308181 0.723761 0.038895 0.033860
2 0.320558 0.783352 0.276922 0.092507
2 0.423125 0.825780 0.268772 0.237913
2 0.440611 0.815331 0.028591 0.169404
