2 0.612571 0.902569 0.337752 0.125607
4 0.517012 0.760444 0.007522 0.030552
2 0.306568 0.847189 0.279474 0.206294
4 0.267579 0.662233 0.008684 0.019298
3 0.274045 0.442807 0.033517 0.041067
4 0.280369 0.351594 0.009147 0.031140
3 0.394498 0.322694 0.030998 0.044715
4 0.454252 0.377986 0.023553 0.012456
3 0.457477 0.856617 0.027563 0.033600
2 0.179371 0.420939 0.066872 0.041893
2 0.394476 0.374132 0.031058 0.147533
2 0.521165 0.896027 0.058366 0.066243
3 0.430240 0.935208 0.032207 0.030322
3 0.507179 0.909958 0.030269 0.038162
4 0.532304 0.759264 0.008703 0.032913
