4 0.278816 0.346764 0.010214 0.033257
3 0.442341 0.876508 0.024962 0.046919
4 0.265937 0.655205 0.010395 0.021667
2 0.277357 0.529220 0.095614 0.204280
3 0.308103 0.723012 0.038794 0.034912
3 0.445340 0.819189 0.026480 0.020760
2 0.440596 0.815281 0.028506 0.169452
4 0.514032 0.754200 0.009095 0.033787
4 0.452039 0.372946 0.024967 0.013772
3 0.314084 0.609351 0.022138 0.043944
2 0.423103 0.825172 0.268816 0.239203
3 0.465269 0.468165 0.026151 0.040716
4 0.529119 0.753693 0.010090 0.034799
2 0.454581 0.461137 0.047462 0.054722
2 0.317645 0.783092 0.281870 0.092880
