2 0.414391 0.403286 0.054989 0.106367
3 0.404605 0.364419 0.035362 0.028618
3 0.528443 0.923834 0.023646 0.057010
3 0.428004 0.938505 0.032368 0.030300
4 0.516823 0.760477 0.010066 0.035055
4 0.267549 0.661597 0.010164 0.020789
4 0.531804 0.760238 0.009868 0.035534
2 0.305755 0.848801 0.276916 0.209737
3 0.443169 0.761508 0.014539 0.048958
4 0.280252 0.351729 0.010526 0.033158
4 0.454249 0.377789 0.023547 0.013048
2 0.525397 0.847094 0.029907 0.210563
2 0.306606 0.464311 0.149013 0.034821
3 0.368353 0.456228 0.025466 0.018662
2 0.433882 0.832862 0.041941 0.191732
