3 0.263821 0.887580 0.038717 0.023187
4 0.265551 0.655590 0.009731 0.019331
4 0.513754 0.755179 0.009378 0.034788
2 0.379441 0.911257 0.269956 0.070395
3 0.486290 0.503280 0.031571 0.040647
4 0.278688 0.347639 0.010195 0.032719
3 0.436564 0.766064 0.020995 0.017127
3 0.327059 0.554432 0.024194 0.034836
4 0.451802 0.373834 0.024065 0.013231
3 0.588999 0.906433 0.027999 0.030789
2 0.316789 0.517259 0.044767 0.109196
2 0.562252 0.827414 0.081631 0.188819
2 0.354315 0.751997 0.185504 0.054631
2 0.459158 0.471776 0.085691 0.103567
4 0.530180 0.754921 0.011922 0.035735
