4 0.452022 0.372822 0.024592 0.013633
4 0.514034 0.754143 0.009367 0.034558
3 0.442377 0.875484 0.025181 0.048045
3 0.520467 0.263322 0.034613 0.046601
2 0.507887 0.300309 0.059797 0.120581
4 0.529228 0.752875 0.009751 0.034463
2 0.273967 0.499095 0.066760 0.146107
2 0.440382 0.813004 0.029427 0.173165
4 0.278610 0.346188 0.010565 0.032961
4 0.265907 0.655249 0.009677 0.021272
2 0.357542 0.703737 0.148692 0.028052
2 0.460938 0.768421 0.224397 0.304386
3 0.293350 0.554020 0.027939 0.036228
3 0.365352 0.636846 0.033221 0.041148
3 0.419731 0.697997 0.024342 0.016506
