2 0.214915 0.829165 0.081809 0.169448
3 0.186431 0.903498 0.021552 0.020855
4 0.454172 0.378238 0.023586 0.012588
3 0.278845 0.510844 0.029624 0.027537
3 0.589098 0.347061 0.030696 0.043925
3 0.792839 0.852231 0.050759 0.024638
4 0.280206 0.351955 0.009265 0.031784
2 0.565400 0.375914 0.078114 0.244152
3 0.570870 0.181040 0.042404 0.033505
2 0.520710 0.386126 0.083684 0.096023
4 0.267478 0.661952 0.008958 0.019956
2 0.270277 0.476683 0.046782 0.095903
2 0.795181 0.944788 0.051990 0.036228
4 0.773494 0.845861 0.033254 0.014719
4 0.591754 0.199775 0.004183 0.016999
2 0.609888 0.891972 0.196453 0.190376
4 0.595206 0.195143 0.002648 0.015000
3 0.693320 0.819130 0.029611 0.044664
4 0.814132 0.845040 0.048035 0.016484
3 0.543684 0.361802 0.037807 0.047873
