4 0.513819 0.754079 0.008816 0.032982
2 0.480293 0.785090 0.105861 0.223030
2 0.450987 0.795797 0.039309 0.251170
2 0.288199 0.503564 0.101891 0.166630
2 0.356319 0.704295 0.162802 0.028107
4 0.528947 0.752982 0.008618 0.033947
3 0.326695 0.568790 0.024899 0.036118
4 0.278485 0.346186 0.009597 0.031926
4 0.451830 0.372688 0.023709 0.012562
3 0.457826 0.695687 0.013130 0.050709
3 0.425458 0.697167 0.024496 0.013925
4 0.265803 0.655183 0.009594 0.020212
3 0.539012 0.515311 0.025337 0.044905
3 0.436086 0.874772 0.017484 0.043651
2 0.504578 0.486875 0.094189 0.101762
