3 0.512989 0.706559 0.020326 0.050296
2 0.501275 0.791054 0.077001 0.202211
3 0.478654 0.870857 0.021316 0.042643
3 0.285225 0.555762 0.028509 0.035720
3 0.555800 0.399697 0.034342 0.035431
3 0.382562 0.919070 0.025584 0.022211
4 0.455740 0.376405 0.023936 0.012906
4 0.519367 0.760331 0.009435 0.034105
2 0.285626 0.837781 0.219372 0.184817
4 0.268780 0.662021 0.009441 0.019649
4 0.280914 0.350808 0.009581 0.032281
4 0.534763 0.759253 0.009986 0.034368
2 0.489145 0.805702 0.068092 0.248611
2 0.266886 0.495504 0.065241 0.156140
2 0.523975 0.419364 0.097950 0.074868
