4 0.818273 0.839592 0.041404 0.016561
2 0.791750 0.945108 0.053840 0.047672
3 0.790136 0.849373 0.048429 0.026100
2 0.650466 0.916685 0.225932 0.143385
4 0.281253 0.346453 0.009534 0.031641
2 0.269420 0.447928 0.061154 0.053414
4 0.455137 0.373028 0.023427 0.012781
4 0.777345 0.839638 0.039493 0.015197
4 0.595922 0.190091 0.005622 0.015782
4 0.268410 0.656020 0.008279 0.018202
3 0.589497 0.166389 0.045929 0.033589
3 0.290425 0.433169 0.019205 0.023852
3 0.468246 0.366369 0.023174 0.012847
3 0.232627 0.676636 0.017952 0.023052
3 0.748871 0.862434 0.029145 0.034708
