2 0.622660 0.209826 0.036916 0.047599
2 0.285818 0.490376 0.123813 0.143224
3 0.766393 0.624645 0.028624 0.026966
3 0.619486 0.209812 0.043155 0.047606
4 0.455203 0.373081 0.023366 0.011879
3 0.509667 0.367304 0.034685 0.035618
3 0.333311 0.543302 0.028843 0.037094
4 0.595351 0.188929 0.004534 0.014408
2 0.666780 0.708662 0.233451 0.195833
2 0.358150 0.584115 0.149249 0.078699
4 0.268723 0.656206 0.008723 0.018187
4 0.773466 0.839057 0.030370 0.015870
3 0.419933 0.558083 0.025556 0.026458
2 0.500740 0.367336 0.052522 0.035629
4 0.280399 0.346572 0.007887 0.031659
