3 0.371517 0.472458 0.038100 0.039360
3 0.379260 0.684176 0.022774 0.017058
2 0.332881 0.692270 0.115598 0.033224
2 0.391859 0.901992 0.280318 0.086367
4 0.265684 0.655161 0.009537 0.021016
4 0.529072 0.753474 0.009613 0.034675
2 0.392722 0.500439 0.056497 0.158333
3 0.577079 0.834541 0.018758 0.050406
4 0.451785 0.372937 0.024052 0.013147
2 0.587447 0.795877 0.039476 0.127763
2 0.360628 0.461848 0.059830 0.060442
4 0.278609 0.346383 0.010271 0.032438
3 0.270377 0.871617 0.037448 0.025647
3 0.410829 0.553395 0.020288 0.052478
4 0.513961 0.753852 0.009238 0.034803
