2 0.393662 0.374289 0.031058 0.147533
2 0.591501 0.895779 0.059937 0.066038
3 0.393642 0.322752 0.031039 0.044686
4 0.267560 0.661484 0.008673 0.018940
2 0.628385 0.910567 0.286815 0.099276
3 0.429794 0.935386 0.032336 0.030925
4 0.454135 0.378136 0.023561 0.012566
4 0.280282 0.351868 0.009507 0.031798
2 0.218237 0.432010 0.144830 0.064269
3 0.605047 0.909163 0.032741 0.039225
4 0.516713 0.761815 0.007670 0.032058
4 0.532399 0.759945 0.009441 0.033173
2 0.306739 0.847664 0.278446 0.206367
3 0.533499 0.877147 0.017322 0.032562
3 0.273939 0.443209 0.033394 0.041827
