4 0.772722 0.839768 0.029852 0.015939
3 0.276231 0.523834 0.027516 0.027697
4 0.455374 0.372924 0.023248 0.012588
2 0.266657 0.477147 0.046730 0.121144
4 0.809629 0.839708 0.043764 0.016060
2 0.568532 0.358681 0.078753 0.244846
2 0.528738 0.142950 0.048281 0.051104
4 0.596338 0.189656 0.002560 0.015015
2 0.327823 0.814077 0.130976 0.259931
3 0.494110 0.367295 0.020238 0.019751
3 0.378407 0.919947 0.029737 0.047913
4 0.268276 0.655901 0.008646 0.018030
3 0.533827 0.136087 0.037928 0.037248
2 0.489471 0.372076 0.029572 0.029386
3 0.846087 0.854538 0.057283 0.019455
2 0.857525 0.943399 0.057873 0.047617
3 0.591816 0.327796 0.032278 0.041696
4 0.592870 0.194410 0.004479 0.017306
4 0.281146 0.346605 0.009293 0.031864
3 0.749482 0.864658 0.030088 0.041575
2 0.649945 0.916672 0.229605 0.145479
