2 0.388802 0.909777 0.290269 0.071674
2 0.276498 0.502988 0.062629 0.139419
2 0.287649 0.842038 0.205787 0.210515
2 0.412836 0.478935 0.047958 0.116400
4 0.265896 0.655369 0.010143 0.020285
3 0.424309 0.515512 0.025099 0.043385
4 0.529570 0.753637 0.010362 0.034561
3 0.379241 0.938878 0.022599 0.016798
4 0.514027 0.754273 0.008947 0.034254
3 0.442274 0.875879 0.024822 0.048125
2 0.439988 0.813374 0.029427 0.173165
3 0.294619 0.554200 0.026409 0.037054
4 0.452050 0.373183 0.024507 0.013414
4 0.278769 0.345961 0.010592 0.031404
3 0.264317 0.891071 0.041245 0.034408
