2 0.413806 0.401895 0.055376 0.107833
4 0.267621 0.660998 0.010559 0.022230
3 0.374830 0.451679 0.024391 0.012050
4 0.516813 0.760424 0.010480 0.035497
2 0.467381 0.815992 0.142322 0.217730
2 0.309149 0.462584 0.155798 0.033896
4 0.454269 0.377818 0.023621 0.012339
4 0.532701 0.759918 0.011746 0.035947
3 0.408854 0.901303 0.025164 0.047058
3 0.403827 0.362557 0.035488 0.029200
2 0.488978 0.826626 0.123361 0.253911
3 0.427352 0.935475 0.031809 0.029583
4 0.280111 0.351588 0.010973 0.033315
3 0.454949 0.724689 0.012590 0.049890
2 0.305297 0.847118 0.275918 0.206349
