4 0.516619 0.761371 0.007958 0.032135
4 0.280196 0.351926 0.009208 0.031374
2 0.179545 0.431425 0.067116 0.062953
3 0.430583 0.935793 0.032218 0.030468
3 0.526876 0.824662 0.015825 0.033834
2 0.639814 0.912703 0.278092 0.098724
4 0.454046 0.378516 0.023553 0.012456
4 0.267338 0.661972 0.009441 0.020325
4 0.532079 0.760311 0.009323 0.033348
3 0.517770 0.878238 0.011527 0.029649
3 0.274024 0.442330 0.033640 0.041144
3 0.396287 0.322661 0.030858 0.043765
2 0.396266 0.374342 0.030855 0.147222
2 0.306826 0.847802 0.280093 0.207262
2 0.542570 0.799110 0.047207 0.084989
