3 0.408760 0.900866 0.024948 0.046718
3 0.455040 0.723978 0.012163 0.049565
2 0.466864 0.815541 0.141107 0.217339
4 0.516927 0.759837 0.010066 0.035267
2 0.414361 0.401796 0.055104 0.107591
2 0.310136 0.462816 0.156456 0.034821
3 0.371171 0.454216 0.034326 0.017613
2 0.307229 0.846528 0.278745 0.206506
4 0.532144 0.758891 0.010658 0.036729
3 0.430550 0.934344 0.032157 0.030932
4 0.280259 0.351086 0.010595 0.033136
3 0.404512 0.362304 0.035340 0.028629
4 0.267647 0.660927 0.010096 0.020852
2 0.489938 0.826062 0.125491 0.253805
4 0.454278 0.377219 0.023698 0.012727
