3 0.592090 0.382971 0.031834 0.032237
3 0.410995 0.851778 0.023191 0.053045
4 0.451949 0.373037 0.024315 0.013523
2 0.510987 0.816155 0.223257 0.210161
3 0.370402 0.338880 0.033819 0.020340
2 0.489172 0.805294 0.074781 0.217021
2 0.340648 0.341363 0.093358 0.025314
4 0.514142 0.754351 0.009331 0.034485
4 0.278810 0.345764 0.010554 0.031206
3 0.462220 0.889024 0.019156 0.049488
4 0.265968 0.655095 0.009896 0.021126
2 0.591469 0.414028 0.061941 0.249912
4 0.529252 0.753688 0.010280 0.035431
3 0.244586 0.674057 0.017599 0.019912
2 0.358054 0.367878 0.100559 0.067167
4 0.579258 0.200260 0.020633 0.008187
3 0.323402 0.347421 0.031261 0.026232
