3 0.324755 0.419603 0.023183 0.025640
3 0.790376 0.819569 0.029797 0.026162
3 0.660248 0.255623 0.048325 0.055683
2 0.289753 0.431329 0.092993 0.048929
4 0.773510 0.838578 0.031017 0.014839
4 0.280263 0.346458 0.006414 0.031542
3 0.501619 0.339934 0.028725 0.021813
4 0.269200 0.656592 0.006996 0.019740
4 0.595195 0.188635 0.005027 0.014806
2 0.656649 0.880309 0.250414 0.060325
3 0.237796 0.676469 0.022637 0.022975
4 0.455336 0.373944 0.023490 0.009730
2 0.495411 0.355342 0.041217 0.097014
2 0.641105 0.240126 0.086809 0.086977
