3 0.599257 0.883138 0.026859 0.036510
4 0.513813 0.754974 0.009211 0.033406
2 0.584257 0.878799 0.056891 0.045245
2 0.326295 0.693094 0.117174 0.033476
3 0.278336 0.861224 0.037105 0.025526
4 0.278388 0.346999 0.009934 0.032105
2 0.392666 0.500274 0.056335 0.156835
2 0.407196 0.897332 0.294819 0.097661
3 0.377560 0.684309 0.014611 0.015899
4 0.529057 0.754390 0.009638 0.035000
2 0.359734 0.462995 0.057807 0.059419
3 0.371486 0.472893 0.034282 0.039565
4 0.451732 0.373688 0.024178 0.013304
3 0.410876 0.553419 0.019942 0.050479
4 0.265513 0.655528 0.009567 0.020376
