4 0.772237 0.840159 0.029254 0.016005
3 0.476564 0.314631 0.029668 0.046923
2 0.332222 0.816230 0.121680 0.254828
2 0.610931 0.886586 0.195463 0.190863
4 0.596168 0.189865 0.002780 0.015183
4 0.592745 0.194625 0.004197 0.016678
4 0.813013 0.840186 0.052385 0.016162
4 0.281190 0.347027 0.009518 0.031721
2 0.931885 0.748770 0.099515 0.126561
2 0.266927 0.476349 0.045532 0.118721
3 0.378046 0.919812 0.029951 0.047657
3 0.908777 0.709571 0.053158 0.047935
2 0.476561 0.321875 0.029756 0.061279
3 0.274463 0.522818 0.030444 0.025775
3 0.693751 0.813421 0.029762 0.044525
2 0.567144 0.368183 0.077708 0.244408
4 0.268496 0.656557 0.009268 0.019591
4 0.454407 0.373151 0.021845 0.012346
3 0.590556 0.339044 0.030746 0.043505
3 0.572456 0.173587 0.043015 0.032336
