2 0.266675 0.489470 0.085800 0.137654
4 0.455122 0.372590 0.023347 0.012350
3 0.318198 0.674349 0.017497 0.017749
4 0.281255 0.346283 0.009123 0.031842
3 0.575232 0.146796 0.030238 0.015903
2 0.790492 0.945256 0.054559 0.048341
2 0.498914 0.384530 0.048629 0.070121
4 0.818328 0.839115 0.042067 0.016162
2 0.650768 0.917727 0.227632 0.144298
3 0.749748 0.863575 0.029792 0.036067
3 0.504434 0.405331 0.017497 0.028454
2 0.307100 0.681098 0.039748 0.031298
4 0.595292 0.190592 0.004169 0.016842
3 0.787551 0.851433 0.052799 0.028721
3 0.298052 0.544671 0.023073 0.027113
4 0.777696 0.839412 0.039065 0.015958
4 0.268640 0.656184 0.008668 0.019393
