3 0.273995 0.443284 0.033764 0.041502
3 0.604590 0.908346 0.032645 0.039039
2 0.473616 0.811546 0.104468 0.283706
4 0.267569 0.661619 0.010329 0.021447
4 0.516800 0.760565 0.009805 0.035369
4 0.280121 0.351736 0.010658 0.033151
4 0.531956 0.759777 0.010184 0.035936
2 0.305414 0.849611 0.276617 0.212036
3 0.446981 0.695934 0.012618 0.052504
3 0.392112 0.322818 0.031845 0.045007
3 0.427548 0.939368 0.032289 0.032449
2 0.218368 0.431926 0.145173 0.064072
2 0.392115 0.374070 0.031763 0.147533
2 0.591287 0.895177 0.059548 0.065647
4 0.454271 0.377741 0.023629 0.012507
