4 0.516704 0.760784 0.008747 0.033695
2 0.515746 0.848099 0.091700 0.209430
2 0.471713 0.383443 0.041009 0.132259
2 0.260458 0.825797 0.182209 0.163070
2 0.509672 0.725007 0.060737 0.105175
3 0.475063 0.337648 0.034271 0.040567
4 0.280339 0.351658 0.009482 0.031707
3 0.339722 0.896473 0.023638 0.021667
4 0.454334 0.377990 0.024008 0.012639
4 0.532126 0.760079 0.008917 0.033410
3 0.477970 0.859976 0.016138 0.032160
4 0.267440 0.661414 0.009265 0.019993
3 0.298270 0.568536 0.025247 0.033242
2 0.267230 0.507098 0.087338 0.156140
3 0.530894 0.695795 0.018328 0.046831
