3 0.326601 0.569437 0.024907 0.036477
2 0.492501 0.867339 0.141532 0.198202
2 0.413103 0.890844 0.288596 0.108516
3 0.423336 0.699472 0.027018 0.017803
2 0.317294 0.530649 0.043492 0.114097
3 0.439672 0.940417 0.035979 0.051886
4 0.265696 0.655062 0.009320 0.020066
4 0.451986 0.373220 0.023358 0.013187
4 0.529331 0.753644 0.009539 0.034254
4 0.278717 0.346453 0.009720 0.032255
2 0.351205 0.704666 0.171214 0.028169
3 0.538972 0.515872 0.025038 0.044901
4 0.513920 0.754697 0.008586 0.032851
3 0.287116 0.849956 0.036628 0.026740
2 0.504208 0.486859 0.094545 0.102891
