2 0.466719 0.815868 0.140850 0.216824
4 0.454172 0.377657 0.023438 0.012558
2 0.387686 0.373935 0.032390 0.147233
3 0.427645 0.938279 0.032429 0.030504
4 0.532027 0.759611 0.010233 0.035179
2 0.305425 0.848635 0.276870 0.209821
3 0.274005 0.442599 0.033772 0.039949
3 0.455291 0.724415 0.012226 0.048830
3 0.408754 0.901170 0.024926 0.046199
4 0.280197 0.351482 0.010943 0.033374
2 0.218429 0.431274 0.144940 0.062745
4 0.516798 0.759896 0.009901 0.035369
4 0.267654 0.661349 0.010800 0.021308
3 0.387686 0.323178 0.032352 0.045771
2 0.489771 0.826590 0.125118 0.253180
