3 0.788125 0.852160 0.050839 0.028509
4 0.776454 0.840380 0.037130 0.015636
2 0.649566 0.917420 0.225979 0.145000
3 0.566002 0.174342 0.037410 0.020848
3 0.298302 0.545208 0.023078 0.027200
4 0.281277 0.346546 0.008991 0.031360
2 0.790197 0.946093 0.053750 0.049466
4 0.596310 0.189653 0.002664 0.014861
2 0.306388 0.682255 0.034049 0.029861
3 0.748390 0.863984 0.028380 0.038077
2 0.554533 0.267791 0.076856 0.227540
4 0.817190 0.839921 0.044194 0.016100
2 0.267145 0.489486 0.085447 0.138717
4 0.455154 0.373205 0.023289 0.012295
3 0.501815 0.448841 0.016486 0.041235
3 0.578368 0.224410 0.029257 0.024521
4 0.592784 0.194826 0.004383 0.017650
3 0.316750 0.676144 0.013281 0.017624
4 0.268686 0.656873 0.008934 0.019287
2 0.503602 0.419611 0.058180 0.099667
