3 0.292416 0.554099 0.027026 0.035969
3 0.359716 0.636700 0.033775 0.040548
4 0.513967 0.754762 0.009622 0.033852
2 0.507855 0.300495 0.059570 0.120355
4 0.451893 0.373050 0.024093 0.013732
2 0.372078 0.671625 0.167895 0.042935
3 0.441017 0.660219 0.029973 0.020073
4 0.278646 0.346668 0.010351 0.033242
2 0.440644 0.815066 0.028821 0.169678
3 0.442467 0.875892 0.025154 0.048004
2 0.273326 0.498962 0.065189 0.146301
2 0.456630 0.768823 0.227585 0.304825
4 0.529271 0.753735 0.010186 0.034708
4 0.265759 0.655442 0.009539 0.020833
3 0.520277 0.263598 0.034693 0.046539
