2 0.412680 0.478596 0.047941 0.116930
3 0.424622 0.514375 0.024079 0.045270
4 0.529348 0.752944 0.010066 0.033995
3 0.427907 0.705130 0.025134 0.017284
3 0.442286 0.875861 0.025252 0.047811
2 0.440251 0.813242 0.029427 0.173165
4 0.513912 0.754340 0.009200 0.034163
3 0.263920 0.891414 0.041546 0.034803
2 0.387655 0.909786 0.289109 0.071656
3 0.293502 0.553326 0.025277 0.035950
4 0.451886 0.373030 0.024616 0.013779
2 0.275817 0.502463 0.060735 0.137529
4 0.278632 0.346597 0.010263 0.032851
2 0.360033 0.714770 0.161075 0.036557
4 0.265803 0.655239 0.009594 0.020143
